Gene	sgRNA	Top.beta	Top.z	Top.p.value	Top.fdr	Top.wald.p.value	Top.wald.fdr
ENSMUST00000136396_Adgrg4	6	-0.0459	-1.4553	0.32292	0.56473	0.14558	0.38153
ENSMUST00000141552_Dach2	6	-0.049039	-1.2429	0.29398	0.54408	0.21392	0.45276
ENSMUST00000129662_Prickle3	6	-0.042073	-1.0624	0.36697	0.60926	0.28804	0.51697
ENSMUST00000033414_Slc6a14	6	0.021644	0.61053	0.46556	0.68864	0.54151	0.73808
ENSMUST00000076354_Tspan7	6	-0.029523	-0.81724	0.54187	0.736	0.41379	0.63834
ENSMUST00000115264_Dock11	6	-0.089781	-2.0527	0.061204	0.26816	0.040099	0.19821
ENSMUST00000088652_Htatsf1	6	-0.094228	-2.0849	0.050704	0.24242	0.037076	0.19327
ENSMUST00000133447_Klhl4	6	-0.10791	-2.1261	0.029193	0.20339	0.033491	0.18954
ENSMUST00000049896_Gpkow	6	0.022198	0.58395	0.4589	0.68528	0.55925	0.74886
ENSMUST00000101588_Ccdc160	6	-0.0045096	-0.1266	0.97132	0.98137	0.89925	0.94144
ENSMUST00000140102_Ppp1r2-ps7	6	-0.08489	-2.9067	0.0758	0.29118	0.0036531	0.048357
ENSMUST00000125623_Mid1ip1	6	0.019932	0.7785	0.48963	0.70165	0.43627	0.65037
ENSMUST00000059509_Ube2dnl1	6	-0.016951	-0.38824	0.78284	0.87719	0.69784	0.83081
ENSMUST00000062695_Ube2dnl2	6	0.011515	0.34316	0.64507	0.79319	0.73148	0.84886
ENSMUST00000009875_Kcnd1	6	-0.037409	-0.70896	0.42458	0.64717	0.47835	0.68549
ENSMUST00000178974_Cldn34b4	6	-0.0307	-0.73846	0.51959	0.72163	0.46023	0.67208
ENSMUST00000078944_Phf6	6	0.039509	0.89435	0.23662	0.4928	0.37113	0.60261
ENSMUST00000026036_Nr0b1	6	0.28641	4.2266	0	0	2.3727e-5	9.2652e-4
ENSMUST00000119715_Gm5937	6	-0.012944	-0.36527	0.86479	0.93546	0.71491	0.84088
ENSMUST00000040961_Pabpc5	6	0.068853	1.3937	0.06991	0.27437	0.16341	0.4037
ENSMUST00000192977_Pcdh11x	6	0.055441	1.8417	0.11985	0.35589	0.065518	0.26296
ENSMUST00000088217_Tbl1x	6	-0.0209	-0.47914	0.70294	0.83308	0.63184	0.79081
ENSMUST00000026723_Hprt	6	-0.0034482	-0.072153	0.95262	0.97382	0.94248	0.96565
ENSMUST00000114746_Vgll1	6	-0.10552	-2.7616	0.032522	0.20451	0.0057523	0.062396
ENSMUST00000115666_Otud5	6	0.05595	1.4306	0.11754	0.35038	0.15254	0.38717
ENSMUST00000113343_Cldn34c1	6	0.070499	1.1905	0.064789	0.27282	0.23387	0.47115
ENSMUST00000113320_Diaph2	6	0.047735	1.0139	0.16492	0.40757	0.31065	0.53661
ENSMUST00000035766_Wdr44	6	0.13321	1.7322	0.0028169	0.051163	0.083241	0.29145
ENSMUST00000126715_Pim2	6	-0.069922	-1.5011	0.13982	0.39	0.13332	0.36664
ENSMUST00000117902_Mageb17-ps	6	0.060405	1.1302	0.09936	0.33447	0.25841	0.49103
ENSMUST00000118752_Gm6982	6	0.08225	1.5808	0.040461	0.21477	0.11392	0.33323
ENSMUST00000113947_Arx	6	-0.08005	-2.1206	0.090653	0.32778	0.033951	0.18969
ENSMUST00000115020_Ocrl	6	-0.080168	-2.5725	0.090397	0.32778	0.010096	0.080456
ENSMUST00000207461_Gm45208	6	-0.052375	-1.3844	0.26453	0.52111	0.16622	0.40408
ENSMUST00000115687_Wdr45	6	0.099699	2.088	0.01767	0.16522	0.036794	0.19327
ENSMUST00000063384_Cxx1c	6	0.031341	0.6148	0.32394	0.56473	0.53869	0.73552
ENSMUST00000146263_Pcyt1b	6	-0.067601	-1.6981	0.15211	0.39866	0.089493	0.30509
ENSMUST00000115663_Slc35a2	6	0.018701	0.4686	0.51037	0.71434	0.63935	0.79385
ENSMUST00000026760_Tmem47	6	-0.028701	-0.68676	0.55877	0.7506	0.49223	0.69644
ENSMUST00000156778_Cstf2	6	0.038574	0.9635	0.24533	0.49664	0.3353	0.56194
ENSMUST00000069209_4930502E18Rik	6	0.075885	1.9555	0.051216	0.24242	0.050519	0.22611
ENSMUST00000114998_Xpnpep2	6	0.067466	1.2626	0.076056	0.29118	0.20673	0.44408
ENSMUST00000033489_Praf2	6	8.8807e-5	0.0030798	0.8758	0.94047	0.99754	0.99882
ENSMUST00000121565_AU015836	6	0.05504	1.3611	0.12215	0.35865	0.17348	0.40932
ENSMUST00000123308_Dmd	6	-0.024264	-0.58798	0.63303	0.78601	0.55655	0.74886
ENSMUST00000114725_Gm364	6	-0.0039707	-0.09838	0.96031	0.97529	0.92163	0.95264
ENSMUST00000137277_Atp6ap2	6	-0.03061	-0.76213	0.52113	0.72163	0.44598	0.65595
ENSMUST00000037687_Tmem35a	6	0.042724	1.1635	0.20691	0.45763	0.24461	0.47879
ENSMUST00000125604_Cenpi	6	-0.036376	-0.86381	0.44174	0.66809	0.38769	0.61417
ENSMUST00000033427_Sash3	6	-0.039322	-0.94764	0.39846	0.62817	0.34332	0.57049
ENSMUST00000088629_Zic3	6	0.050968	1.2707	0.14289	0.39021	0.20383	0.44221
ENSMUST00000113915_Klhl15	6	-0.028725	-0.56035	0.55851	0.7506	0.57524	0.75503
ENSMUST00000115987_Gm4984	6	-0.013668	-0.41259	0.85019	0.92867	0.67991	0.82414
ENSMUST00000153424_Drp2	6	-0.088404	-1.9911	0.065813	0.27282	0.046467	0.21491
ENSMUST00000062542_4930550L24Rik	6	-0.026867	-0.55161	0.59078	0.76667	0.58121	0.75503
ENSMUST00000146063_Tab3	6	0.048509	1.5609	0.15928	0.40757	0.11855	0.33736
ENSMUST00000146406_Timm17b	6	-0.05501	-1.6427	0.24046	0.49632	0.10044	0.31503
ENSMUST00000080713_Utp14a	6	0.031569	0.85375	0.3219	0.56473	0.39324	0.6186
ENSMUST00000113896_Apoo	6	-0.23567	-5.5676	7.6825e-4	0.022222	2.582e-8	3.3609e-6
ENSMUST00000033458_3830403N18Rik	6	0.020337	0.62963	0.48476	0.69852	0.52894	0.72768
ENSMUST00000146644_Gm14827	6	-0.00662	-0.18332	0.98207	0.9884	0.85455	0.913
ENSMUST00000041096_Pcsk1n	6	0.081797	2.2325	0.040717	0.21477	0.025583	0.14911
ENSMUST00000055104_Tceal1	6	-0.016058	-0.37302	0.79898	0.88656	0.70913	0.83787
ENSMUST00000169457_Rpl36a	6	-0.059937	-1.6251	0.20282	0.45387	0.10414	0.32152
ENSMUST00000136348_Bcorl1	6	0.21959	4.4075	5.1216e-4	0.015385	1.0456e-5	4.8036e-4
ENSMUST00000134672_BC065397	6	-0.050213	-1.6503	0.28425	0.53623	0.098874	0.31431
ENSMUST00000096368_Gspt2	6	-0.064769	-2.2279	0.16876	0.40805	0.025887	0.14976
ENSMUST00000101388_Zxdb	6	0.056149	1.2548	0.11677	0.35038	0.20956	0.44474
ENSMUST00000101560_Zfp449	6	-0.02717	-0.55281	0.58592	0.76522	0.58039	0.75503
ENSMUST00000068106_Smim10l2a	6	0.055356	1.6857	0.12036	0.35606	0.091853	0.30921
ENSMUST00000033418_Il13ra1	6	-0.010688	-0.3218	0.90653	0.94886	0.74761	0.8585
ENSMUST00000074950_Hnrnph2	6	-0.0052805	-0.13576	0.98848	0.99332	0.89201	0.93889
ENSMUST00000124226_Armcx4	6	0.0036756	0.088573	0.79923	0.88656	0.92942	0.95795
ENSMUST00000143142_Ints6l	6	-0.068843	-1.8436	0.14622	0.39044	0.065248	0.26296
ENSMUST00000137173_Armcx1	6	-4.7365e-4	-0.01061	0.88809	0.94432	0.99153	0.99716
ENSMUST00000139163_Gm14634	6	-0.076598	-1.9739	0.10525	0.34191	0.048395	0.22103
ENSMUST00000121924_AA414768	6	0.060024	1.518	0.10038	0.33447	0.12901	0.35857
ENSMUST00000081834_Armcx3	6	-0.028327	-0.55049	0.56748	0.75169	0.58199	0.75503
ENSMUST00000115258_Zcchc12	6	0.15538	2.6131	0.0012804	0.027027	0.0089724	0.077171
ENSMUST00000119809_Gm14660	6	-0.062813	-1.0746	0.18054	0.4247	0.28254	0.51437
ENSMUST00000033430_Rab33a	6	-0.068986	-1.8694	0.1452	0.39044	0.061564	0.2544
ENSMUST00000125644_Plp1	6	-0.012074	-0.29735	0.87785	0.94047	0.7662	0.86474
ENSMUST00000059808_H2bfm	6	0.038831	0.77921	0.24149	0.49632	0.43585	0.65037
ENSMUST00000127521_5730405O15Rik	6	-0.038332	-0.46003	0.41024	0.63651	0.6455	0.79894
ENSMUST00000126147_Lonrf3	6	0.045979	1.0365	0.17721	0.42061	0.29998	0.52648
ENSMUST00000113067_Zcchc18	6	-0.113	-3.4249	0.022791	0.17282	6.1509e-4	0.013725
ENSMUST00000047852_Fam199x	6	-0.12444	-2.8515	0.015877	0.16522	0.0043515	0.053102
ENSMUST00000124097_Usp9x	6	0.012439	0.32281	0.62919	0.78567	0.74684	0.8585
ENSMUST00000113052_Nrk	6	-0.30985	-5.1187	0	0	3.0766e-7	3.0035e-5
ENSMUST00000145552_Gm14662	6	0.049056	1.679	0.15467	0.39868	0.093147	0.31013
ENSMUST00000073339_Pgrmc1	6	0.010162	0.20517	0.67042	0.80184	0.83744	0.90266
ENSMUST00000120557_Rpl3-ps1	6	0.028709	0.79051	0.35903	0.60472	0.42923	0.64716
ENSMUST00000113046_4933428M09Rik	6	0.0082437	0.20623	0.7073	0.83379	0.83661	0.90266
ENSMUST00000149639_Ddx3x	6	-0.10895	-3.2638	0.028169	0.2	0.0010992	0.020939
ENSMUST00000047655_Slc25a43	6	-0.011206	-0.27736	0.89373	0.94432	0.7815	0.87318
ENSMUST00000016463_Slc25a5	6	0.065442	1.3131	0.081434	0.30577	0.18914	0.42776
ENSMUST00000016452_Ube2a	6	0.030441	0.56278	0.33649	0.57807	0.57359	0.75503
ENSMUST00000113043_Mum1l1	6	-0.078193	-1.4789	0.097823	0.33447	0.13916	0.37222
ENSMUST00000054534_Trap1a	6	-0.046426	-1.2769	0.31729	0.56281	0.20164	0.43989
ENSMUST00000130251_Gm7598	6	-0.010216	-0.29757	0.91549	0.9508	0.76603	0.86474
ENSMUST00000046763_D330045A20Rik	6	0.038536	1.0857	0.24609	0.49664	0.2776	0.5083
ENSMUST00000075983_Ldoc1	6	0.054569	1.8881	0.12394	0.36119	0.059006	0.24778
ENSMUST00000120148_Gm15019	6	-0.0010159	-0.031463	0.89885	0.94435	0.9749	0.99235
ENSMUST00000113026_Rnf128	6	0.094298	1.8194	0.02484	0.18476	0.068857	0.2716
ENSMUST00000120925_Gm7327	6	-0.038392	-0.60123	0.40922	0.63651	0.54768	0.74132
ENSMUST00000096313_Tbc1d8b	6	-0.055288	-1.457	0.23739	0.49309	0.1451	0.38153
ENSMUST00000151989_Bhlhb9	6	-0.033163	-0.6399	0.48476	0.69852	0.52224	0.72317
ENSMUST00000148658_Gprasp2	6	0.037953	1.0405	0.25096	0.5	0.29811	0.52648
ENSMUST00000054889_Cldn2	6	-0.04751	-1.6683	0.3073	0.55346	0.095246	0.31373
ENSMUST00000120342_Gm14656	6	0.03041	0.71072	0.337	0.57807	0.47726	0.68518
ENSMUST00000122164_Gm16411	6	-0.032034	-0.85465	0.49782	0.70344	0.39274	0.6186
ENSMUST00000051414_4933402E13Rik	6	0.070415	1.4801	0.065301	0.27282	0.13884	0.37222
ENSMUST00000096321_Armcx5	6	-0.018923	-0.55619	0.74417	0.85849	0.57808	0.75503
ENSMUST00000033522_3830417A13Rik	6	0.028371	0.7386	0.36236	0.606	0.46015	0.67208
ENSMUST00000058119_Arxes2	6	0.015503	0.32986	0.56671	0.75169	0.74151	0.85668
ENSMUST00000116527_Bex4	6	-0.017245	-0.34488	0.77593	0.8763	0.73018	0.84862
ENSMUST00000207892_Slc9a6	6	-0.062205	-1.5631	0.18617	0.43274	0.11804	0.33736
ENSMUST00000113116_Tceal7	6	-0.082178	-1.8408	0.083739	0.31292	0.065656	0.26296
ENSMUST00000113115_Tceal9	6	0.01079	0.097733	0.65736000000000006	0.79351	0.92214	0.95264
ENSMUST00000177710_Slc25a14	6	-0.033555	-0.99183	0.4781	0.69852	0.32128	0.55147
ENSMUST00000144506_Atp6ap1	6	0.081557	1.3198	0.041485	0.21589	0.1869	0.42753
ENSMUST00000117804_Gm9429	6	0.0014302	0.018474	0.84712	0.92661	0.98526	0.99417
ENSMUST00000178632_Bex3	6	-0.041952	-1.1708	0.36799	0.60926	0.24169	0.47787
ENSMUST00000044702_Frmpd3	6	0.089378	1.3266	0.030474	0.20339	0.18463	0.42635
ENSMUST00000155235_Prps1	6	-0.0059776	-0.17201	0.99795	0.99795	0.86343	0.92123
ENSMUST00000145941_Gm14820	6	0.067907	1.3915	0.074008	0.28756	0.16408	0.4037
ENSMUST00000101695_Tfe3	6	0.072084	1.8464	0.060435	0.26816	0.064839	0.26296
ENSMUST00000133128_Mcts1	6	0.047434	1.0156	0.16825	0.40805	0.30982	0.53652
ENSMUST00000112990_Mid2	6	0.23845	3.0322	2.5608e-4	0.0083333	0.0024278	0.036464
ENSMUST00000139150_Rbmx2	6	0.077753	2.0791	0.047375	0.23086	0.037609	0.19327
ENSMUST00000145580_Gdi1	6	0.079763	1.4899	0.044814	0.22581	0.13624	0.37034
ENSMUST00000117257_Gm6088	6	-0.0093854	-0.23719	0.93035	0.9591	0.81251	0.88751
ENSMUST00000060057_Sowahd	6	0.059381	2.0891	0.10294	0.33782	0.036695	0.19327
ENSMUST00000117155_Gm14567	6	-0.041245	-0.8244	0.37695	0.61201	0.40971	0.63627
ENSMUST00000114160_Fam50a	6	-0.038492	-0.80573	0.40794	0.63593	0.4204	0.64002
ENSMUST00000112971_Atg4a	6	-0.026087	-0.73513	0.60205	0.76737	0.46226	0.6723
ENSMUST00000088546_Fmr1	6	-0.056441	-1.7706	0.22766	0.48712	0.076623	0.28444
ENSMUST00000123120_Gm6787	6	0.066999	2.309	0.076825	0.29268	0.020942	0.13406
ENSMUST00000114772_Fhl1	6	0.10427	1.7353	0.013572	0.15362	0.082683	0.29145
ENSMUST00000120692_Gm8545	6	8.3998e-4	0.02476	0.86146	0.9337	0.98025	0.99296
ENSMUST00000136114_Plxna3	6	-0.06501	-1.2891	0.16748	0.40805	0.19735	0.4354
ENSMUST00000087157_Klhl34	6	-0.0039411	-0.11511	0.95954	0.97529	0.90836	0.94717
ENSMUST00000126843_Gria3	6	-0.040746	-1.0679	0.38156	0.61317	0.28557	0.51697
ENSMUST00000016553_Nkap	6	-0.034992	-0.97447	0.45813	0.68528	0.32982	0.55755999999999994
ENSMUST00000046433_Rnf113a1	6	0.031556	0.80676	0.3219	0.56473	0.41981	0.64002
ENSMUST00000130732_Col4a5	6	-0.1055	-2.9565	0.032522	0.20451	0.0031113	0.04263
ENSMUST00000112491_Rps6ka3	6	-0.018205	-0.46344	0.75903	0.87107	0.64305	0.79718
ENSMUST00000143784_Ikbkg	6	0.05658	1.43	0.11447	0.35038	0.15272	0.38717
ENSMUST00000033744_Atp2b3	6	-0.046317	-1.0985	0.3178	0.56281	0.27198	0.50217
ENSMUST00000087143_Eif1ax	6	0.024491	0.55067	0.42023	0.64558	0.58186	0.75503
ENSMUST00000118873_Gm6382	6	-0.016937	-0.72235	0.78284	0.87719	0.47008	0.67737
ENSMUST00000112471_Map7d2	6	0.11581	2.5726	0.0087068	0.12593	0.010095	0.080456
ENSMUST00000112914_Nxt2	6	0.072774	1.284	0.058387	0.26057	0.19916	0.43569
ENSMUST00000132784_Arhgap36	6	0.04502	1.027	0.1854	0.43224	0.30444	0.53045
ENSMUST00000119345_Gm15186	6	0.010948	0.25351	0.6548	0.79319	0.79987	0.88442
ENSMUST00000154694_A830080D01Rik	6	0.043711	1.1903	0.19744	0.44696	0.23391	0.47115
ENSMUST00000019701_Dusp9	6	-0.64814	-7.6416	0	0	2.1459e-14	5.5866e-12
ENSMUST00000026013_Maoa	6	0.069587	0.98041	0.067606	0.27282	0.32689	0.5562
ENSMUST00000112447_Sh3kbp1	6	-0.049395	-1.6571	0.29014	0.53919	0.0975	0.31431
ENSMUST00000136930_Gripap1	6	-0.077756	-2.5868	0.099616	0.33447	0.0096862	0.078801
ENSMUST00000164449_Slc6a8	6	-0.057538	-1.5118	0.22023	0.47778	0.13058	0.36165
ENSMUST00000151914_Tmem164	6	-0.035549	-1.2646	0.45301	0.6817	0.206	0.44408
ENSMUST00000033665_Map3k15	6	0.18517	2.8959	0.0010243	0.023529	0.0037807	0.049213
ENSMUST00000146874_Xiap	6	-0.20518	-3.7427	0.0010243	0.023529	1.8208e-4	0.0050786
ENSMUST00000123245_Stag2	6	0.10095	3.0512	0.017157	0.16522	0.0022794	0.035605
ENSMUST00000002084_Abcd1	6	0.0050637	0.10987	0.77106	0.8763	0.91251	0.94896
ENSMUST00000112868_Pak3	6	0.089385	2.0842	0.030474	0.20339	0.037146	0.19327
ENSMUST00000130978_Kdm6a	6	0.068882	1.5642	0.06991	0.27437	0.11776	0.33736
ENSMUST00000112400_Adgrg2	6	0.10781	2.3755	0.011012	0.13438	0.017523	0.11953
ENSMUST00000184866_Rhox5	6	-0.023233	-0.75514	0.65608	0.79319	0.45017	0.66087
ENSMUST00000006362_Rhox6	6	0.010501	0.30855	0.66248	0.79723	0.75766	0.86474
ENSMUST00000155096_Plxnb3	6	-0.030751	-0.88899	0.51857	0.72163	0.37401	0.60304
ENSMUST00000033444_Stk26	6	-0.078371	-2.3789	0.097055	0.33447	0.017366	0.11953
ENSMUST00000137286_Dkc1	6	0.098821	1.9593	0.018694	0.16522	0.050081	0.22611
ENSMUST00000002081_Srpk3	6	-0.02342	-0.70667	0.65173	0.79319	0.47977	0.68627
ENSMUST00000115150_Rhox10	6	-1.0281	-9.928	0	0	3.1456e-23	2.4567e-20
ENSMUST00000120793_3110067C02Rik	6	0.040318	0.89732	0.23022	0.49046	0.36955	0.60174
ENSMUST00000132416_Alg13	6	-0.049369	-1.2228	0.29065	0.53919	0.22142	0.46115
ENSMUST00000117131_Rpl3-ps2	6	8.4739e-4	0.020436	0.8612	0.9337	0.9837	0.99388
ENSMUST00000010127_Tktl1	6	-0.13694	-3.0743	0.009475	0.12881	0.0021101	0.033632
ENSMUST00000044138_Chst7	6	-0.10243	-2.6126	0.03662	0.2087	0.0089866	0.077171
ENSMUST00000152730_Rhox13	6	-0.02488	-0.54095	0.62382	0.78202	0.58854	0.76228
ENSMUST00000118349_Zfp36l1-ps	6	-0.10945	-2.7851	0.027913	0.2	0.0053511	0.060568
ENSMUST00000116535_Fam220-ps	6	0.044034	1.1575	0.19385	0.4414	0.24706	0.48118
ENSMUST00000153221_Pfkfb1	6	0.034406	0.69573	0.28758	0.53861	0.4866	0.69349
ENSMUST00000115142_Zbtb33	6	-0.11446	-2.7489	0.021511	0.17143	0.0059799	0.063112
ENSMUST00000033541_Fundc2	6	-0.037629	-1.1389	0.42074	0.64558	0.25474	0.49004
ENSMUST00000197237_Tex13c2	6	-0.058969	-2.3707	0.20743	0.45763	0.017754	0.11953
ENSMUST00000002090_Ssr4	6	-0.096219	-1.8233	0.047631	0.23086	0.068251	0.27058
ENSMUST00000005839_Sh2d1a	6	-0.026502	-0.55342	0.59667	0.76737	0.57998	0.75503
ENSMUST00000155206_Trpc5os	6	0.02345	0.42215	0.43867	0.66524	0.67291	0.81988
ENSMUST00000210331_Gm45800	6	-0.054724	-1.5661	0.24353	0.49661	0.11734	0.33736
ENSMUST00000033372_Rp2	6	-0.071002	-1.3501	0.13367	0.38036	0.17698	0.41507
ENSMUST00000148522_Gm14817	6	-0.016224	-0.38173	0.79565	0.88519	0.70266	0.83401
ENSMUST00000112377_Phka2	6	-0.026618	-0.7767	0.59462	0.76667	0.43734	0.65037
ENSMUST00000121768_Tpt1-ps6	6	-0.02374	-0.82427	0.64328	0.79243	0.40978	0.63627
ENSMUST00000069731_Fmr1nb	6	0.016113	0.45348	0.55365	0.7468	0.6502	0.8035
ENSMUST00000163399_8030474K03Rik	6	-0.046109	-1.2855	0.32036	0.56473	0.1986	0.43569
ENSMUST00000129185_Nhsl2	6	-0.077687	-1.7335	0.099872	0.33447	0.083008	0.29145
ENSMUST00000033544_Brcc3	6	0.027413	0.66183	0.37721	0.61201	0.50808	0.71113
ENSMUST00000136093_Jade3	6	-0.0092565	-0.19686	0.93214	0.95916	0.84393	0.90537
ENSMUST00000112831_Htr2c	6	-0.1565	-3.9902	0.0040973	0.069565	6.6008e-5	0.002148
ENSMUST00000033532_Aff2	6	-0.077217	-1.6072	0.10192	0.33586	0.108	0.32443
ENSMUST00000122019_Gm14538	6	-0.037334	-0.97595	0.4251	0.64717	0.32909	0.55752
ENSMUST00000133616_Rbm3os	6	0.027141	0.88242	0.38131	0.61317	0.37755	0.60495
ENSMUST00000113627_Pin4	6	-0.030213	-0.66293	0.52855	0.72548	0.50737	0.71113
ENSMUST00000033765_Avpr2	6	0.098786	1.9032	0.018694	0.16522	0.057011	0.24465
ENSMUST00000144761_Gm14858	6	-0.091025	-2.6006	0.057106	0.2578	0.009307	0.077171
ENSMUST00000023832_Rgn	6	-0.023471	-0.58393	0.65096	0.79319	0.55927	0.74886
ENSMUST00000118725_Gm15385	6	-9.2241e-4	-0.013321	0.89757	0.94435	0.98937	0.99703
ENSMUST00000075654_1700020N15Rik	6	0.015815	0.38962	0.5598	0.7506	0.69682	0.83081
ENSMUST00000114070_Vbp1	6	-0.037855	-1.0276	0.41767	0.64339	0.30415	0.53045
ENSMUST00000150123_Zc3h12b	6	-0.088836	-2.1033	0.064789	0.27282	0.035444	0.19259
ENSMUST00000152648_Gm15063	6	0.075479	0.55947	0.051729	0.24337	0.57584	0.75503
ENSMUST00000033650_Rs1	6	-0.048715	-1.123	0.29654	0.5446	0.26144	0.49319
ENSMUST00000115374_Rbm10	6	0.033483	0.98726	0.30166	0.54918	0.32352	0.55409
ENSMUST00000053981_1110012L19Rik	6	0.0407	1.0052	0.22586	0.48595	0.31481	0.54156
ENSMUST00000103007_Nudt11	6	0.046314	1.3733	0.17542	0.41768	0.16967	0.40635
ENSMUST00000026296_Fgd1	6	0.032574	1.0581	0.31165	0.55571	0.29001	0.51829
ENSMUST00000103005_Shroom4	6	0.034248	1.0612	0.28937	0.53919	0.2886	0.51697
ENSMUST00000077375_Scml2	6	0.057378	1.4693	0.11063	0.3464	0.14174	0.37526
ENSMUST00000207800_Gm15262	6	0.017898	0.52908	0.52369	0.72261	0.59675	0.76654
ENSMUST00000096424_Emd	6	0.011623	0.38182	0.64328	0.79243	0.70259	0.83401
ENSMUST00000151778_Gm15138	6	0.048308	1.3926	0.16082	0.40757	0.16373	0.4037
ENSMUST00000146584_Rpl10	6	0.060014	1.8881	0.10064	0.33447	0.059009	0.24778
ENSMUST00000184730_Wnk3	6	0.008172	0.1903	0.70781	0.83379	0.84907	0.90839
ENSMUST00000118642_Gm7331	6	-0.032828	-0.87924	0.48886	0.70165	0.37927	0.60575
ENSMUST00000073364_Fam120c	6	-0.088101	-1.7155	0.067606	0.27282	0.086254	0.29681
ENSMUST00000082088_Mamld1	6	0.086105	1.9367	0.033547	0.20451	0.05278	0.23289
ENSMUST00000033720_Rbbp7	6	0.044445	1.2657	0.19052	0.43743	0.20562	0.44408
ENSMUST00000131116_Taz	6	-0.0093565	-0.25067	0.93086	0.9591	0.80207	0.88442
ENSMUST00000145302_Dgkk	6	-0.029697	-0.82835	0.53854	0.73403	0.40747	0.63584
ENSMUST00000114617_Mtm1	6	-0.017054	-0.40205	0.77977	0.87719	0.68764	0.82623
ENSMUST00000117399_Msn	6	-0.0062892	-0.24028	0.99027	0.99332	0.81011	0.88613
ENSMUST00000112666_Phf8	6	-0.10116	-2.8527	0.039181	0.21477	0.0043346	0.053102
ENSMUST00000079322_Heph	6	0.028572	0.83569	0.36056	0.60472	0.40333	0.63126
ENSMUST00000130694_Uba1	6	-0.11646	-2.8025	0.020743	0.16875	0.0050701	0.059101
ENSMUST00000114601_Mtmr1	6	-0.099551	-2.6022	0.041741	0.21589	0.0092624	0.077171
ENSMUST00000128858_Gm14379	6	0.061901	0.73747	0.093982	0.33447	0.46084	0.67208
ENSMUST00000133051_Huwe1	6	-0.15619	-3.0171	0.0040973	0.069565	0.0025524	0.037426
ENSMUST00000033689_Cdx4	6	0.35816	4.6199	0	0	3.8388e-6	1.9987e-4
ENSMUST00000116547_Chic1	6	-0.01006	-0.21647	0.91933	0.95352	0.82862	0.89882
ENSMUST00000211291_Tsix	6	-0.014849	-0.43697	0.82356	0.90592	0.66213	0.81437
ENSMUST00000033691_Tsx	6	-0.010222	-0.30514	0.91549	0.9508	0.76026	0.86474
ENSMUST00000052837_Ar	6	-0.075915	-1.7934	0.10935	0.34575	0.072903	0.27911
ENSMUST00000121980_Rps12-ps1	6	0.085594	2.0703	0.034315	0.20451	0.038426	0.19487
ENSMUST00000181020_Jpx	6	0.37892	5.0448	0	0	4.541e-7	3.9406e-5
ENSMUST00000115740_Foxp3	6	0.033956	1.085	0.29501	0.5446	0.2779	0.5083
ENSMUST00000144719_Ppp1r3fos	6	0.0016026	0.050065	0.84251	0.92426	0.96007	0.98143
ENSMUST00000140479_Yipf6	6	-0.063198	-2.2964	0.17772	0.42061	0.021651	0.13748
ENSMUST00000087867_Uprt	6	-0.060047	-0.72069	0.2023	0.45387	0.4711	0.67759
ENSMUST00000122247_Gm14822	6	0.056173	1.1209	0.11677	0.35038	0.26231	0.49321
ENSMUST00000122012_Gm6285	6	0.063307	1.2588	0.089373	0.3277	0.20811	0.44408
ENSMUST00000036606_Stard8	6	-0.14164	-3.0874	0.0076825	0.11321	0.0020193	0.033555
ENSMUST00000117933_Gm15191	6	-0.011697	-0.20551	0.88656	0.94432	0.83717	0.90266
ENSMUST00000033512_Slc38a5	6	0.022757	0.43317	0.44738	0.67452	0.66489	0.81455
ENSMUST00000151200_Hsd17b10	6	-0.04061	-1.0259	0.38335	0.61478	0.30496	0.53045
ENSMUST00000033577_Pbdc1	6	0.013858	0.29772	0.60154	0.76737	0.76592	0.86474
ENSMUST00000052839_Efnb1	6	-0.026135	-0.77272	0.60128	0.76737	0.43969	0.65037
ENSMUST00000033578_Magee1	6	-3.0267e-4	-0.008382	0.88451	0.94372	0.99331	0.99716
ENSMUST00000120712_Gm6292	6	-0.062348	-1.6759	0.18412	0.43054	0.09376	0.31028
ENSMUST00000096363_Tmem28	6	0.09263	2.2768	0.027401	0.2	0.022801	0.14246
ENSMUST00000124681_Smc1a	6	0.047981	1.1808	0.16338	0.40757	0.23768	0.47115
ENSMUST00000119381_Gm14828	6	-0.027349	-0.72611	0.58233	0.76376	0.46777	0.67535
ENSMUST00000121499_Gm14829	6	0.016268	0.50119	0.55262	0.7468	0.61624	0.77895
ENSMUST00000113779_Eda	6	-0.016232	-0.35485	0.79539	0.88519	0.7227	0.84385
ENSMUST00000121289_Gm14832	6	0.013574	0.3772	0.60819	0.77236	0.70603	0.83673
ENSMUST00000112605_Iqsec2	6	0.030395	1.0527	0.33752	0.57807	0.29249000000000003	0.52153
ENSMUST00000122944_Cdk16	6	-0.055982	-1.4298	0.23201	0.49239	0.15277	0.38717
ENSMUST00000060241_Otud6a	6	-0.046089	-1.3405	0.32036	0.56473	0.18007	0.41856
ENSMUST00000033570_Igbp1	6	-0.051518	-1.4389	0.27119	0.52687	0.15018	0.38717
ENSMUST00000033383_Usp11	6	-0.0068769	-0.25468	0.97567	0.98323	0.79897	0.88442
ENSMUST00000140551_Dgat2l6	6	0.015606	0.42614	0.56466	0.75169	0.67001	0.81762
ENSMUST00000033582_Cox7b	6	0.014099	0.49356	0.59488	0.76667	0.62161	0.7843
ENSMUST00000115561_Gm5751	6	0.0049007	0.14246	0.77388	0.8763	0.88672	0.93839
ENSMUST00000064196_B630019K06Rik	6	-0.048101	-1.165	0.30064	0.5486	0.24403	0.47879
ENSMUST00000055941_Atp7a	6	-0.063627	-1.5861	0.17414	0.4159	0.11271	0.33308
ENSMUST00000081593_Pgk1	6	0.11282	2.3262	0.009475	0.12881	0.020008	0.13022
ENSMUST00000112584_Kdm5c	6	-0.10689	-3.5365	0.03073	0.20339	4.0554e-4	0.010217
ENSMUST00000048962_Kif4	6	-0.077535	-1.4887	0.10064	0.33447	0.13657	0.37034
ENSMUST00000072699_Hmgb3	6	0.10593	2.313	0.012292	0.14545	0.020722	0.13375
ENSMUST00000070449_Gpr50	6	0.082241	1.3711	0.040461	0.21477	0.17035	0.40635
ENSMUST00000114576_Vma21	6	-0.090597	-2.2426	0.058131	0.26057	0.024926	0.148
ENSMUST00000154780_Gm1141	6	0.025957	0.22593	0.39923	0.62817	0.82125	0.89331
ENSMUST00000126362_Prrg3	5	-0.10101	-2.2209	0.055314	0.25412	0.026361	0.15138
ENSMUST00000148651_3010001F23Rik	6	0.10473	2.056	0.013316	0.15294	0.039783	0.19821
ENSMUST00000151819_Gpr143	6	0.060782	1.6962	0.097567	0.33447	0.089846	0.30509
ENSMUST00000009530_Timp1	6	-0.074408	-2.4451	0.11677	0.35038	0.01448	0.10669
ENSMUST00000095755_Usp51	6	0.081751	2.0991	0.040973	0.21477	0.035806	0.19286
ENSMUST00000122268_Fthl17-ps2	6	-0.078052	-1.8905	0.098592	0.33447	0.058692	0.24778
ENSMUST00000136451_Araf	6	-0.048416	-1.0769	0.29834	0.54567	0.28154	0.51375
ENSMUST00000059967_4930402K13Rik	6	-0.03812	-1.0636	0.41306	0.63881	0.2875	0.51697
ENSMUST00000142927_Ctps2	6	0.097417	2.6091	0.019974	0.16596	0.0090783	0.077171
ENSMUST00000069763_Lancl3	6	-0.01985	-0.48271	0.72087	0.84408	0.6293	0.7889
ENSMUST00000156336_Gdpd2	6	-0.034436	-1.1517	0.4653	0.68864	0.24943	0.48325
ENSMUST00000015486_Xk	6	0.021964	0.85301	0.46248	0.68838	0.39365	0.6186
ENSMUST00000127673_9530051G07Rik	6	0.038848	1.3059	0.24149	0.49632	0.19157	0.42776
ENSMUST00000096265_Foxr2	6	-0.11401	-3.2825	0.021767	0.17172	0.001029	0.02065
ENSMUST00000039720_Rragb	6	0.056202	2.0651	0.11677	0.35038	0.038915	0.19608
ENSMUST00000048675_Magea4	6	-0.02664	-0.90964	0.59462	0.76667	0.36301	0.59437
ENSMUST00000087984_Dlg3	6	-0.088321	-2.38	0.066325	0.27282	0.017314	0.11953
ENSMUST00000060576_Lpar4	6	0.16972	2.6028	0.0010243	0.023529	0.0092461	0.077171
ENSMUST00000053375_P2ry10	6	0.012741	0.43246	0.62279	0.78199	0.6654	0.81455
ENSMUST00000143880_Klf8	5	-0.15905	-2.7974	0.0043534	0.07234	0.0051511	0.059162
ENSMUST00000060714_Ubqln2	6	0.082609	1.365	0.039437	0.21477	0.17226	0.40853
ENSMUST00000112573_Cypt3	6	0.044329	0.96917	0.19129	0.43743	0.33246	0.55939
ENSMUST00000069041_Ap1s2	6	0.1116	1.8065	0.0097311	0.12881	0.070839	0.27406
ENSMUST00000149514_2210013O21Rik	6	-0.054798	-1.1999	0.24277	0.49661	0.23017	0.47058
ENSMUST00000155090_Cacna1f	6	0.11968	2.079	0.006402	0.1	0.037614	0.19327
ENSMUST00000148708_Spin2c	6	-0.065432	-2.429	0.16517	0.40757	0.01514	0.10948
ENSMUST00000121852_Gm15157	6	0.020813	0.48908	0.47862	0.69852	0.62478	0.78576
ENSMUST00000123462_A230072C01Rik	6	-0.044972	-1.1942	0.33265	0.57605	0.23242	0.47115
ENSMUST00000151166_2810403D21Rik	6	0.097655	1.5087	0.019718	0.16559	0.13139	0.36259
ENSMUST00000033715_Nsdhl	6	-0.085246	-2.3803	0.074776	0.28911	0.0173	0.11953
ENSMUST00000033749_Pir	6	0.075859	1.7302	0.051216	0.24242	0.08359	0.29145
ENSMUST00000114546_Zfp185	6	0.05718	1.3345	0.11216	0.349	0.18203	0.42186
ENSMUST00000120648_5730416F02Rik	4	-0.025896	-0.47337	0.66069	0.7963	0.63595	0.79212
ENSMUST00000026324_Acot9	6	-0.055526	-1.62	0.23585	0.4928	0.10524	0.32231
ENSMUST00000155849_Piga	6	0.077522	1.5607	0.047887	0.23086	0.11859	0.33736
ENSMUST00000208582_Gm6858	6	0.0051948	0.13013	0.76876	0.8763	0.89646	0.93978
ENSMUST00000060418_Pnma3	6	-0.045473	-1.3956	0.32625	0.56748	0.16283	0.4037
ENSMUST00000033755_Asb11	6	-0.048602	-1.3701	0.29706	0.5446	0.17066	0.40635
ENSMUST00000133614_Sh3bgrl	6	0.085356	2.2412	0.034315	0.20451	0.025013	0.148
ENSMUST00000150558_Foxo4	6	0.0178	0.62658	0.52599	0.72451	0.53094	0.72768
ENSMUST00000078229_Pou3f4	6	-0.0036335	-0.10445	0.95442	0.97438	0.91681	0.9509
ENSMUST00000067529_Sytl5	6	0.012874	0.29388	0.62023	0.78068	0.76885	0.86642
ENSMUST00000057150_Fancb	6	-0.006092	-0.10549	0.9959	0.99718	0.91599	0.9509
ENSMUST00000142237_Xlr4b	6	0.010209	0.24668	0.66889	0.80184	0.80515	0.88442
ENSMUST00000137641_Xlr3b	6	0.012223	0.25224	0.6315	0.78567	0.80085	0.88442
ENSMUST00000105111_F8a	6	-0.044671	-1.4221	0.33649	0.57807	0.155	0.38799
ENSMUST00000118081_Gm6335	6	0.020343	0.40258	0.48476	0.69852	0.68726	0.82623
ENSMUST00000130247_Tex16	6	-0.01729	-0.5734	0.77439	0.8763	0.56638	0.75485
ENSMUST00000207962_Gm45194	6	0.09451	1.6431	0.024584	0.18462	0.10035	0.31503
ENSMUST00000118111_Nlgn3	6	0.051272	0.89045	0.14161	0.39021	0.37322	0.60304
ENSMUST00000156131_Med12	6	0.050246	1.7633	0.14571	0.39044	0.077843	0.28444
ENSMUST00000154378_Apool	6	0.091575	1.5829	0.027657	0.2	0.11344	0.33308
ENSMUST00000151972_Zfp711	6	0.039872	0.90743	0.23431	0.4928	0.36418	0.59503
ENSMUST00000120711_Gm1848	6	0.0049366	0.13618	0.77362	0.8763	0.89168	0.93889
ENSMUST00000127554_Gm5124	6	-0.067481	-1.7893	0.15339	0.39868	0.073573	0.27911
ENSMUST00000052130_Gjb1	6	0.018094	0.30121	0.52113	0.72163	0.76325	0.86474
ENSMUST00000114499_Zfp275	6	0.026488	0.53763	0.39052	0.6224	0.59084	0.76398
ENSMUST00000033740_Zfp92	6	0.062333	2.0489	0.092446	0.33119	0.04047	0.19879
ENSMUST00000150572_Syp	6	-0.033187	-0.96798	0.48425	0.69852	0.33305	0.55939
ENSMUST00000152248_Gemin8	6	-0.011253	-0.35467	0.8927	0.94432	0.72284	0.84385
ENSMUST00000129731_Gpm6b	6	-0.097039	-2.4552	0.045583	0.22675	0.01408	0.10669
ENSMUST00000116495_Trappc2	6	0.070001	1.3864	0.066837	0.27282	0.16564	0.40408
ENSMUST00000155231_Bgn	6	-0.010777	-0.35057	0.90448	0.94819	0.72591	0.84617
ENSMUST00000033673_Nono	6	-0.019744	-0.43254	0.72369000000000006	0.84484	0.66535	0.81455
ENSMUST00000135086_Gm1720	6	0.038293	1.1585	0.24789	0.49769	0.24666	0.48118
ENSMUST00000033674_Itgb1bp2	6	0.0069245	0.21993	0.73521	0.85319	0.82593	0.89715
ENSMUST00000119596_Gm14843	6	-0.060003	-1.3134	0.2023	0.45387	0.18906	0.42776
ENSMUST00000149274_Taf1	6	0.10816	2.6551	0.010755	0.13438	0.0079275	0.074564
ENSMUST00000143048_Arhgap6	6	0.032829	1.1394	0.3096	0.55423	0.25454	0.49004
ENSMUST00000119299_Ogt	6	0.12149	2.5215	0.006146	0.097959	0.011687	0.09037
ENSMUST00000156210_Gm15246	6	-0.032241	-1.1102	0.49449	0.70344	0.26689	0.49867
ENSMUST00000036753_Mid1	6	-0.05615	-1.5836	0.23047	0.49046	0.1133	0.33308
ENSMUST00000179760_Gm21887	6	-0.051195	-1.6352	0.27298	0.52772	0.10201	0.31868
ENSMUST00000157653_Gm23121	6	-0.02773	-0.69425	0.57465	0.75556	0.48753	0.69355
ENSMUST00000172155_Gm44	6	0.078088	1.9138	0.047119	0.23086	0.055644	0.2401
ENSMUST00000101968_n-R5s2	6	0.01094	0.27181	0.6548	0.79319	0.78577	0.87544
ENSMUST00000158389_Gm25520	6	-0.015922	-0.36787	0.80154	0.88656	0.71297	0.84088
ENSMUST00000104274_Gm26417	6	-0.0037816	-0.098333	0.95826	0.97529	0.92167	0.95264
ENSMUST00000158732_Mir2137	6	-0.027138	-0.82762	0.58694	0.76528	0.40788	0.63584
ENSMUST00000104354_Gm22023	6	0.027661	0.66229	0.3749	0.61201	0.50779	0.71113
ENSMUST00000122667_Gm25047	6	0.026697	0.78552	0.38643	0.61844	0.43215	0.64781
ENSMUST00000083602_Mir98	6	-0.0062632	-0.11246	0.99078	0.99332	0.91046	0.94809
ENSMUST00000083668_Mirlet7f-2	6	-0.017019	-0.3945	0.78079	0.87719	0.69321	0.83036
ENSMUST00000033450_Gpc4	6	-0.015528	-0.35634	0.80896	0.89237	0.72158	0.84385
ENSMUST00000033486_Plp2	6	-0.087871	-2.4349	0.067862	0.27282	0.014896	0.10873
ENSMUST00000152221_Gk	6	-0.087357	-2.3277	0.069142	0.27411	0.019925	0.13022
ENSMUST00000069360_Gpc3	6	-0.0081797	-0.23512	0.9516	0.97382	0.81412	0.88803
ENSMUST00000130287_Magix	6	0.013372	0.33829	0.61127	0.77374	0.73515	0.85059
ENSMUST00000154488_Kis2	6	-0.081424	-2.1583	0.086556	0.3219	0.030904	0.17617
ENSMUST00000119571_Gm14586	6	0.025911	0.8036	0.39974	0.62817	0.42163	0.64064
ENSMUST00000118102_Gm8692	6	0.040512	0.98262	0.22766	0.48712	0.3258	0.55556
ENSMUST00000152793_Gm14707	6	0.058547	1.3058	0.10627	0.34228	0.19162	0.42776
ENSMUST00000115313_Klhl13	6	-0.10182	-2.8821	0.037644	0.21143	0.0039502	0.04976
ENSMUST00000117260_Gm14523	6	-0.11805	-3.1602	0.019462	0.16522	0.0015764	0.026764
ENSMUST00000120747_Gm14915	6	0.034287	0.94914	0.28886	0.53919	0.34255	0.57049
ENSMUST00000113969_Mageb4	6	0.0084936	0.19817	0.70269	0.83308	0.84291	0.90537
ENSMUST00000116183_Gm41	6	0.019546	0.50781	0.49731	0.70344	0.61158	0.77666
ENSMUST00000118274_Mageb7-ps	6	-0.011545	-0.16992	0.88886	0.94432	0.86507	0.92132
ENSMUST00000191072_Gm28730	6	-0.043986	-1.2961	0.34213	0.58468	0.19492	0.43126
ENSMUST00000077569_Smarca1	6	0.10762	1.7585	0.011012	0.13438	0.078668	0.28444
ENSMUST00000122244_Gm5648	6	-0.030516	-0.65245	0.52292	0.72261	0.51411	0.71572
ENSMUST00000079490_Nap1l3	6	-0.067409	-1.5985	0.15391	0.39868	0.10994	0.32771
ENSMUST00000120768_Gm8876	6	0.028932	0.58237	0.35595	0.6026	0.56032	0.74886
ENSMUST00000182943_Gm27000	6	-0.012237	-0.24626	0.87503	0.94047	0.80548	0.88442
ENSMUST00000155622_C430049B03Rik	6	-0.070125	-1.922	0.13854	0.38921	0.0546	0.23704
ENSMUST00000036333_Prkx	6	-0.087599	-1.8788	0.068118	0.27282	0.060274	0.25173
ENSMUST00000113960_Pet2	6	-0.045108	-0.78761	0.33009	0.57289	0.43093	0.64722
ENSMUST00000176986_Arhgef6	6	-0.1135	-2.8885	0.022279	0.17228	0.0038704	0.049554
ENSMUST00000114843_Plac1	6	0.075232	1.537	0.052753	0.24524	0.12429	0.34918
ENSMUST00000188967_Nanog-ps1	6	-0.18733	-3.1701	0.0010243	0.023529	0.0015239	0.026764
ENSMUST00000114838_Fam122b	6	-0.061947	-1.1249	0.18822	0.4362	0.26061	0.49283
ENSMUST00000118503_Gm14753	6	-0.026209	-0.37318	0.59949	0.76737	0.70901	0.83787
ENSMUST00000145872_Bcor	6	0.17804	4.0116	0.0010243	0.023529	6.0312e-5	0.002048
ENSMUST00000149154_Pcdh19	6	-0.023235	-0.87144	0.65608	0.79319	0.38352	0.60879
ENSMUST00000152743_Mospd1	6	-0.04586	-1.2382	0.32343	0.56473	0.21565	0.45276
ENSMUST00000176718_Tspan6	6	-0.017103	-0.40797	0.77951	0.87719	0.6833	0.82609
ENSMUST00000126209_Prrg1	6	-0.003352	-0.074414	0.95032	0.97382	0.94068	0.96565
ENSMUST00000113297_Sytl4	6	-0.020398	-0.53495	0.71114	0.83519	0.59269	0.76422
ENSMUST00000006856_Pola1	6	-0.088102	-2.4472	0.067606	0.27282	0.014398	0.10669
ENSMUST00000098470_Rbmx	6	0.0039963	0.084894	0.79283	0.88519	0.93235	0.95937
ENSMUST00000179788_Gm7173	6	0.058106	1.5451	0.10704	0.34228	0.12233	0.34615
ENSMUST00000052283_Mageb16	6	-0.054466	-1.3821	0.24609	0.49664	0.16696	0.40408
ENSMUST00000121831_Gm14760	6	0.0052722	0.13033	0.76671	0.8763	0.8963	0.93978
ENSMUST00000039026_Apln	6	-0.015142	-0.27543	0.81921	0.9024	0.78299	0.87359
ENSMUST00000088779_Cxx1a	6	-0.0087775	-0.12283	0.94264	0.96741	0.90224	0.9433
ENSMUST00000159231_Nox1	6	-0.07607	-2.0729	0.10781	0.34228	0.038186	0.19487
ENSMUST00000088778_Cxx1b	6	0.071472	1.1271	0.06146	0.26816	0.25968	0.49226
ENSMUST00000148722_Xkrx	6	0.050076	1.2329	0.14648	0.39044	0.2176	0.45562
ENSMUST00000192662_AW822252	6	0.061048	1.3087	0.096287	0.33447	0.19062	0.42776
ENSMUST00000045748_Pdk3	6	-0.026938	-0.6027	0.59001	0.76667	0.54671	0.74128
ENSMUST00000067940_1700013H16Rik	6	-0.038853	-1.0853	0.40384	0.63206	0.27781	0.5083
ENSMUST00000117999_Supt20-ps	6	-0.012137	-0.25738	0.87657	0.94047	0.79688	0.88442
ENSMUST00000071711_Zfp36l3	6	0.026096	0.69683	0.39667	0.62817	0.48591	0.69349
ENSMUST00000088102_Zfx	6	-0.06804	-1.5599	0.15058	0.39797	0.11879	0.33736
ENSMUST00000067782_Xlr	6	-0.054501	-1.4405	0.24609	0.49664	0.14973	0.38717
ENSMUST00000128115_Trmt2b	6	-0.059241	-1.6497	0.20589	0.45682	0.099003	0.31431
ENSMUST00000127963_Eif2s3x	5	-0.11301	-2.6512	0.035595	0.20746	0.0080197	0.074564
ENSMUST00000057645_Gpr101	6	0.058673	1.8129	0.10551	0.34191	0.069853	0.27278
ENSMUST00000132652_Zdhhc9	6	-0.058443	-1.5868	0.21383	0.47042	0.11255	0.33308
ENSMUST00000113902_Fam90a1b	6	-0.26236	-4.7255	2.5608e-4	0.0083333	2.2956e-6	1.2806e-4
ENSMUST00000033497_Pqbp1	6	0.02731	0.77306	0.37849	0.61201	0.43949	0.65037
ENSMUST00000060108_1810030O07Rik	6	0.0071461	0.15961	0.72932	0.84762	0.87319	0.92532
ENSMUST00000145767_Fgf13	6	0.084547	1.7222	0.036364	0.2087	0.08504	0.29518
ENSMUST00000113223_Taf7l	6	-0.050326	-1.3056	0.28297	0.53511	0.1917	0.42776
ENSMUST00000054213_Timm8a1	6	0.02647	0.92539	0.39104	0.6224	0.35476	0.58453
ENSMUST00000101561_Gm773	6	-0.069583	-1.6885	0.14213	0.39021	0.091315	0.30873
ENSMUST00000153386_Maged1	6	-0.10456	-2.6823	0.034315	0.20451	0.0073123	0.070505
ENSMUST00000128333_Btk	6	-0.041762	-1.3034	0.36978	0.60926	0.19244	0.42818
ENSMUST00000033500_Eras	6	0.14879	3.3609	0.0015365	0.030769	7.7677e-4	0.016852
ENSMUST00000113097_Morf4l2	6	-0.12961	-2.637	0.013316	0.15294	0.0083649	0.07641
ENSMUST00000063507_Mcf2	6	0.17081	2.837	0.0010243	0.023529	0.0045537	0.054714
ENSMUST00000142240_Gm371	6	0.021756	0.42729	0.46428	0.68864	0.66916	0.81762
ENSMUST00000096367_Spin4	6	-0.031408	-1.0406	0.50627	0.71115	0.29804	0.52648
ENSMUST00000115481_Med14	6	-0.26644	-4.9832	2.5608e-4	0.0083333	6.2532e-7	4.4096e-5
ENSMUST00000114958_Elf4	6	-0.12031	-2.7006	0.017926	0.16522	0.0069221	0.068659
ENSMUST00000121152_Gm14633	6	-0.0045983	-0.13715	0.97337	0.98217	0.89091	0.93889
ENSMUST00000033621_Gla	6	-0.023617	-0.77587	0.64789	0.79319	0.43783	0.65037
ENSMUST00000033480_Atp11c	6	0.025938	0.53311	0.39949	0.62817	0.59396	0.76422
ENSMUST00000143466_Aifm1	6	0.0056382	0.16613	0.75954	0.87107	0.86806	0.92238
ENSMUST00000052431_Armcx6	6	-0.026817	-0.79064	0.59181	0.76667	0.42915	0.64716
ENSMUST00000113193_Armcx2	6	0.057333	1.6617	0.11088	0.3464	0.096563	0.31423
ENSMUST00000081133_Gm648	6	-0.023384	-0.5691	0.65327	0.79319	0.56929	0.75503
ENSMUST00000058814_Rab9b	6	-0.018469	-0.4739	0.75211	0.86637	0.63557	0.79212
ENSMUST00000180194_Tmsb15b2	6	-0.011002	-0.30168	0.89962	0.94435	0.7629	0.86474
ENSMUST00000127404_Tmsb15l	6	-0.011002	-0.30168	0.89962	0.94435	0.7629	0.86474
ENSMUST00000113071_Tmsb15b1	6	-0.0027907	-0.088177	0.93803	0.96395	0.92974	0.95795
ENSMUST00000143059_Nxf2	6	8.4718e-4	0.027111	0.8612	0.9337	0.97837	0.99235
ENSMUST00000123516_Slc25a53	6	0.019801	0.55225	0.49219	0.70344	0.58078	0.75503
ENSMUST00000059899_Mmgt1	6	0.020861	0.58147	0.47708	0.69852	0.56093	0.74886
ENSMUST00000137499_Hdac6	6	-0.070614	-1.2127	0.13624	0.38551	0.22525	0.46417
ENSMUST00000113185_Zmat1	6	-0.052727	-1.7847	0.26018	0.51574	0.07431	0.27911
ENSMUST00000113066_Esx1	6	0.3815	4.3025	0	0	1.689e-5	7.3284e-4
ENSMUST00000142907_3632454L22Rik	6	-0.079823	-1.8603	0.091933	0.33088	0.062849	0.25834
ENSMUST00000033783_Tceal6	6	1.7378e-4	0.0049392	0.87503	0.94047	0.99606	0.99862
ENSMUST00000169499_Gm14569	6	-0.032106	-1.1835	0.49731	0.70344	0.23663	0.47115
ENSMUST00000135107_Sox3	6	-0.023627	-0.52682	0.64789	0.79319	0.59832	0.7673
ENSMUST00000033626_Serpina7	6	-0.09326	-2.2721	0.052497	0.24524	0.023083	0.14308
ENSMUST00000128289_Ccdc120	6	0.029648	1.1139	0.34853	0.59432	0.26533	0.49693
ENSMUST00000076635_Zfp280c	6	-0.036331	-1.1328	0.44225	0.66809	0.25731	0.49103
ENSMUST00000051906_Akap17b	6	-0.028279	-0.72604	0.56825	0.75169	0.46781	0.67535
ENSMUST00000136817_Lamp2	6	-0.12025	-2.2475	0.017926	0.16522	0.02461	0.14785
ENSMUST00000122000_Llph-ps2	6	0.091421	2.0264	0.027913	0.2	0.042722	0.20534
ENSMUST00000186931_2010308F09Rik	6	-0.077228	-1.4362	0.10166	0.33586	0.15095	0.38717
ENSMUST00000113163_Nxf7	6	0.056767	1.6452	0.1137	0.35038	0.099928	0.31503
ENSMUST00000197364_Arhgef9	6	0.10111	2.5976	0.017157	0.16522	0.009387	0.077171
ENSMUST00000118975_Gm9434	6	-0.05434	-1.6233	0.24738	0.49769	0.10452	0.32152
ENSMUST00000118985_Gm14541	6	0.048113	1.0411	0.16184	0.40757	0.29781	0.52648
ENSMUST00000127966_C330007P06Rik	6	-0.057975	-0.94975	0.21767	0.47354	0.34224	0.57049
ENSMUST00000126339_Platr21	6	0.052501	1.2608	0.13393	0.38036	0.20739	0.44408
ENSMUST00000078605_Tcp11x2	6	-0.033182	-0.93523	0.48425	0.69852	0.34967	0.57858
ENSMUST00000113154_Tmsb15a	6	0.03479	0.73288	0.28297	0.53511	0.46363	0.67304
ENSMUST00000183537_Gm15013	6	0.019675	0.36662	0.49552	0.70344	0.7139	0.84088
ENSMUST00000101217_Ripply1	6	0.3024	4.4819	0	0	7.3987e-6	3.6115e-4
ENSMUST00000129479_Tslrn1	6	0.34452	4.2488	0	0	2.1497e-5	8.8362e-4
ENSMUST00000147129_Cul4b	6	-0.069236	-1.0403	0.14366	0.39044	0.29821	0.52648
ENSMUST00000172366_Morc4	6	0.14215	2.4242	0.0017926	0.034146	0.015343	0.10993
ENSMUST00000114379_Renbp	6	-0.042369	-1.2173	0.36338	0.60641	0.22349	0.46376
ENSMUST00000069926_Slitrk4	6	0.021033	0.501	0.47401	0.69849000000000006	0.61637	0.77895
ENSMUST00000033502_Gata1	6	0.65674	4.0248	0	0	5.7034e-5	0.0020247
ENSMUST00000049130_Bex2	6	-0.027251	-0.72887	0.58489	0.76516	0.46608	0.67534
ENSMUST00000080929_Nxf3	6	0.014156	0.28814	0.5936	0.76667	0.77324	0.86642
ENSMUST00000113011_Rbm41	6	0.054337	1.1077	0.12548	0.36296	0.26797	0.49949
ENSMUST00000033503_Glod5	6	0.063231	2.0178	0.089373	0.3277	0.043617	0.20771
ENSMUST00000118047_Gm14681	6	0.013385	0.35803	0.61127	0.77374	0.72032	0.84385
ENSMUST00000060101_Tceal8	5	0.043987	1.4309	0.23431	0.4928	0.15247	0.38717
ENSMUST00000066819_Tceal5	6	-0.064784	-1.1358	0.16876	0.40805	0.25605	0.49103
ENSMUST00000133780_Nup62cl	6	0.35639	5.0118	0	0	5.3912e-7	4.2105e-5
ENSMUST00000058125_Bex1	6	0.056574	1.0304	0.11447	0.35038	0.3028	0.53024
ENSMUST00000026325_4933436I01Rik	6	-0.042576	-1.2051	0.36082	0.60472	0.22815	0.46769
ENSMUST00000057093_Nkrf	6	0.084896	2.1025	0.034827	0.20451	0.03551	0.19259
ENSMUST00000128766_Sept6	6	-0.065392	-1.7311	0.16543	0.40757	0.083439	0.29145
ENSMUST00000115636_Suv39h1	6	0.035487	0.98323	0.27785	0.53056	0.32549	0.55556
ENSMUST00000133023_Tsc22d3	6	-0.04878	-1.3445	0.29654	0.5446	0.17878	0.41804
ENSMUST00000115435_Cask	6	0.028574	0.78806	0.36056	0.60472	0.43066	0.64722
ENSMUST00000114928_Gm595	6	0.0067195	0.20454	0.74059	0.85799	0.83793	0.90266
ENSMUST00000114372_Hcfc1	6	0.14213	2.7621000000000002	0.0017926	0.034146	0.0057439	0.062396
ENSMUST00000058265_C1galt1c1	6	-0.011349	-0.24288	0.89091	0.94432	0.8081	0.88517
ENSMUST00000118460_Gm14542	6	0.032972	0.66188	0.30755	0.55346	0.50805	0.71113
ENSMUST00000044179_Tex13b	6	0.048724	1.4108	0.15826	0.40658	0.1583	0.395
ENSMUST00000138799_Rpl39	6	0.12186	2.2666	0.0058899	0.095833	0.023416	0.144
ENSMUST00000033505_Was	6	-0.051541	-1.2569	0.27119	0.52687	0.2088	0.44433
ENSMUST00000033805_Psmd10	6	-0.023396	-0.56113	0.65275	0.79319	0.57471	0.75503
ENSMUST00000101205_Col4a6	6	-0.084066	-2.743	0.078361	0.29709	0.0060879	0.063396
ENSMUST00000076265_Upf3b	6	-0.031655	-0.87571	0.50269	0.70739	0.38119	0.60684
ENSMUST00000114914_Enox2	6	-0.058261	-1.8158	0.21562	0.47303	0.069403	0.27238
ENSMUST00000114153_Lage3	6	-0.07914	-2.095	0.095006	0.33447	0.036174	0.19327
ENSMUST00000046557_Akap14	6	-0.03807	-1.0642	0.41408	0.63913	0.28723	0.51697
ENSMUST00000155676_Ubl4a	6	0.05309	1.7767	0.13111	0.37647	0.07561	0.28254
ENSMUST00000114146_Slc10a3	6	-0.028347	-0.76634	0.56722	0.75169	0.44348	0.6535
ENSMUST00000139664_Cnksr2	6	0.0831	1.889	0.038924	0.21477	0.058886	0.24778
ENSMUST00000016571_Ndufa1	6	-0.0093462	-0.27916	0.93086	0.9591	0.78012	0.87288
ENSMUST00000015427_Fam3a	6	0.061115	1.475	0.096031	0.33447	0.14021	0.37373
ENSMUST00000101636_Gm9	6	0.085061	2.7665	0.034827	0.20451	0.0056663	0.062396
ENSMUST00000115210_Rhox1	6	-0.012097	-0.2889	0.87759	0.94047	0.77266	0.86642
ENSMUST00000124580_Irak1	6	-0.12233	-3.1846	0.017157	0.16522	0.0014494	0.026326
ENSMUST00000067841_Irs4	6	0.089313	2.2571	0.03073	0.20339	0.024	0.14644
ENSMUST00000152921_Thoc2	6	-0.07437	-1.2735	0.11703	0.35038	0.20283	0.44125
ENSMUST00000004327_G6pdx	6	-0.017774	-0.68915	0.76466	0.87566	0.49073	0.6962
ENSMUST00000134825_Kcne1l	6	-0.099012	-2.5602	0.04251	0.21699	0.01046	0.081696
ENSMUST00000120855_Gm15190	6	0.047758	1.1033	0.16492	0.40757	0.26989	0.50121
ENSMUST00000114125_Gm6880	6	-0.042916	-0.88439	0.35621	0.6026	0.37649	0.60495
ENSMUST00000112904_Acsl4	6	0.0015486	0.028086	0.84379	0.92426	0.97759	0.99235
ENSMUST00000144187_Pnck	6	-0.034675	-1.1848	0.46274	0.68838	0.2361	0.47115
ENSMUST00000033442_Igsf1	6	-0.050993	-1.9782	0.27529	0.52956	0.047911	0.22011
ENSMUST00000133292_Wdr13	6	0.017433	0.68844	0.53342	0.72937	0.49117	0.6962
ENSMUST00000026014_Efhc2	6	-0.047074	-1.1026	0.31012	0.55423	0.27018	0.50121
ENSMUST00000033662_Pdha1	6	0.073131	1.7981	0.056594	0.25698	0.072157	0.27761
ENSMUST00000114766_Map7d3	6	0.020406	0.67021	0.48425	0.69852	0.50272	0.70999
ENSMUST00000041317_Ammecr1	6	0.011083	0.34112	0.65327	0.79319	0.73302	0.84939
ENSMUST00000176638_Fundc1	6	-0.064492	-2.4634	0.17004	0.40988	0.013764	0.10539
ENSMUST00000002091_Bcap31	6	0.046573	1.1662	0.1726	0.4135	0.24354	0.47879
ENSMUST00000143999_Firre	6	0.040836	1.3009	0.22458	0.48453	0.19329	0.42885
ENSMUST00000115162_Rhox2h	6	-0.073123	-1.6003	0.12318	0.3603	0.10953	0.32771
ENSMUST00000123362_Mecp2	6	0.08565	1.4719	0.034059	0.20451	0.14105	0.37469
ENSMUST00000114109_Gab3	6	0.069816	1.6665	0.067093	0.27282	0.095606	0.31373
ENSMUST00000197804_Rhox7-ps2	6	0.018672	0.56241	0.51037	0.71434	0.57383	0.75503
ENSMUST00000117421_Rhox2-ps	6	-0.02412	-0.5879	0.63534	0.78762	0.5566	0.74886
ENSMUST00000151154_Capn6	6	-0.067993	-1.5421	0.15083	0.39797	0.12304	0.34692
ENSMUST00000089062_Rhox9	6	0.054229	1.8433	0.12625	0.36384	0.06529	0.26296
ENSMUST00000164311_Frmd7	6	-0.1235	-3.2245	0.016389	0.16522	0.0012621	0.023469
ENSMUST00000114092_Mpp1	6	-0.13323	-3.4619	0.011524	0.13846	5.3645e-4	0.012323
ENSMUST00000033642_Dcx	5	-0.037732	-0.91053	0.45736	0.68528	0.36254	0.59437
ENSMUST00000182652_Gm5946	6	-0.03741	-1.286	0.42433	0.64717	0.19844	0.43569
ENSMUST00000132626_Gm15104	6	-0.018973	-0.62493	0.74264	0.85799	0.53202	0.72768
ENSMUST00000127532_Tmem29	6	0.02554	0.8162	0.40563	0.6336	0.41439	0.63834
ENSMUST00000143129_Gm14636	6	-0.069624	-1.9519	0.14187	0.39021	0.050955	0.22611
ENSMUST00000119534_Gm15067	6	0.027397	0.81173	0.37721	0.61201	0.41695	0.6395
ENSMUST00000181672_Gm26652	6	-0.026066	-0.80139	0.6023	0.76737	0.42291	0.64134
ENSMUST00000053593_Rap2c	6	-0.076653	-2.0007	0.10525	0.34191	0.045421	0.21491
ENSMUST00000142707_Idh3g	6	0.051847	1.6544	0.13777	0.38845	0.098051	0.31431
ENSMUST00000138958_Apex2	6	-0.047803	-1.2389	0.30423	0.55256	0.21539	0.45276
ENSMUST00000101433_Smim9	6	-0.072844	-1.4501	0.12497	0.36283	0.14704	0.38406
ENSMUST00000114085_F8	6	-0.066315	-1.6263	0.16031	0.40757	0.10389	0.32152
ENSMUST00000114875_Mbnl3	6	0.18747	2.8032	0.0010243	0.023529	0.0050597	0.059101
ENSMUST00000118416_Gm8522	6	-0.061214	-1.5697	0.19488	0.44244	0.11648	0.33736
ENSMUST00000072451_Slc9a7	6	-0.062634	-1.3888	0.18156	0.42583	0.16489	0.4037
ENSMUST00000016294_Tenm1	6	-0.088621	-2.4478	0.065301	0.27282	0.014374	0.10669
ENSMUST00000084535_Amer1	6	0.051082	1.3253	0.14238	0.39021	0.18506	0.42635
ENSMUST00000040184_Trpc5	6	-0.017377	-0.55819	0.77209	0.8763	0.57672	0.75503
ENSMUST00000114081_Mtcp1	6	-0.05249	-1.1309	0.26376	0.52111	0.25811	0.49103
ENSMUST00000033543_Cmc4	6	0.015234	0.32052	0.56978	0.75169	0.74858	0.8585
ENSMUST00000002080_Pdzd4	6	-0.021018	-0.41514	0.70218	0.83308	0.67804	0.82356
ENSMUST00000121259_Gm14845	6	0.080645	2.1082	0.043278	0.21948	0.035012	0.19257
ENSMUST00000124577_Gm4779	6	0.049117	1.6511	0.15365	0.39868	0.098711	0.31431
ENSMUST00000114871_Hs6st2	6	-0.055663	-1.2399	0.23508	0.4928	0.215	0.45276
ENSMUST00000113631_Rgag4	6	0.062884	1.2278	0.090653	0.32778	0.21954	0.45845
ENSMUST00000112835_Amot	6	-0.12867	-2.6265	0.013828	0.15429	0.0086262	0.077171
ENSMUST00000119275_Gm8261	6	0.11327	2.0381	0.009475	0.12881	0.041545	0.20153
ENSMUST00000069509_Usp26	6	-0.055056	-1.3091	0.23969	0.49632	0.19049	0.42776
ENSMUST00000136888_Ppef1	6	-0.050805	-1.1325	0.27657	0.53056	0.25741000000000003	0.49103
ENSMUST00000044382_Zc4h2	6	-0.068976	-1.3638	0.14545	0.39044	0.17262	0.40853
ENSMUST00000130203_Flna	6	-0.11639	-3.1662	0.020743	0.16875	0.0015443	0.026764
ENSMUST00000033449_1700080O16Rik	6	-0.065587	-1.4251	0.1644	0.40757	0.15413	0.38717
ENSMUST00000164071_Tro	6	-0.031707	-0.7368	0.50243	0.70739	0.46125	0.67208
ENSMUST00000120762_Gm8172	6	0.0010291	0.022383	0.85659	0.93305	0.98214	0.99359
ENSMUST00000155599_Rbm3	6	0.0703	2.0552	0.065813	0.27282	0.039857	0.19821
ENSMUST00000056904_Ercc6l	6	-0.015867	-0.41684	0.80256	0.88656	0.67679	0.82333
ENSMUST00000142925_Arhgap4	6	-0.058061	-1.9908	0.21665	0.47354	0.046505	0.21491
ENSMUST00000152739_Rps4x	6	-0.0072356	-0.24825	0.96901	0.98031	0.80394	0.88442
ENSMUST00000152838_Lrch2	6	-0.016266	-0.56191	0.79539	0.88519	0.57417	0.75503
ENSMUST00000101336_Cited1	6	-0.15814	-2.6193	0.0040973	0.069565	0.00881	0.077171
ENSMUST00000154872_Hdac8	6	0.01854	0.64603	0.5137	0.71771	0.51826	0.71894
ENSMUST00000117517_Gm8666	6	-0.020705	-0.51344	0.70551	0.83379	0.60764	0.77544
ENSMUST00000188663_1700111N16Rik	6	-0.029882	-0.64635	0.53419	0.72937	0.51806	0.71894
ENSMUST00000101509_Ids	6	-0.02054	-0.53443	0.70755	0.83379	0.59305	0.76422
ENSMUST00000115057_Dcaf12l2	6	0.0048004	0.13364	0.77644	0.8763	0.89368	0.93939
ENSMUST00000115056_Dcaf12l1	6	0.11959	2.0399	0.0066581	0.10196	0.041359	0.20153
ENSMUST00000033545_Rab39b	6	-0.017583	-0.38953	0.76799	0.8763	0.69688	0.83081
ENSMUST00000124537_Maged2	6	-0.087407	-2.7116	0.069142	0.27411	0.0066953	0.068659
ENSMUST00000069417_Gja6	6	8.2595e-4	0.029204	0.86197	0.9337	0.9767	0.99235
ENSMUST00000112355_Cdkl5	6	-0.10146	-2.2926	0.0379	0.21143	0.021874	0.13777
ENSMUST00000146790_L1cam	6	-0.1145	-3.0129	0.021511	0.17143	0.0025877	0.037426
ENSMUST00000122467_Gm14373	6	-0.033339	-0.88951	0.48271	0.69852	0.37373	0.60304
ENSMUST00000147994_Las1l	6	-0.16702	-2.3516	0.0028169	0.051163	0.018695	0.12374
ENSMUST00000139105_Naa10	6	-0.11328	-2.6688	0.022535	0.17255	0.0076114	0.072494
ENSMUST00000117716_Gm8424	6	-0.02582	-0.79838	0.60563	0.77036	0.42465	0.64274
ENSMUST00000138943_4933407K13Rik	6	-0.051775	-0.97137	0.26837	0.524	0.33137	0.55896
ENSMUST00000101698_AU022751	6	0.027618	0.65774	0.37516	0.61201	0.5107	0.7134
ENSMUST00000138026_Gnl3l	6	-0.016374	-0.40598	0.79411	0.88519	0.68476	0.82623
ENSMUST00000116621_Ndufb11	6	0.06361	1.6586	0.08758	0.32417	0.0972	0.31431
ENSMUST00000154400_Tmem185a	6	-7.3487e-4	-0.031687	0.89475	0.94432	0.97472	0.99235
ENSMUST00000103006_Nudt10	6	-0.028635	-0.81472	0.56031	0.7506	0.41524	0.63838
ENSMUST00000024049_Bmp15	6	-0.052244	-1.2155	0.2653	0.52111	0.22416	0.46376
ENSMUST00000052012_Phka1	6	0.051003	0.92254	0.14264	0.39021	0.35625	0.58574
ENSMUST00000112683_Tsr2	6	-0.02108	-0.51453	0.70064	0.83308	0.60688	0.77544
ENSMUST00000033547_Pls3	5	-0.14256	-3.4705	0.0097311	0.12881	5.1943e-4	0.012293
ENSMUST00000087085_Nhs	6	0.037871	0.8968	0.25173	0.50025	0.36983	0.60174
ENSMUST00000101102_Reps2	6	-0.024329	-0.80917	0.63175	0.78567	0.41842	0.6395
ENSMUST00000121488_Gm6451	6	-0.061642	-1.7591	0.19078	0.43743	0.078558	0.28444
ENSMUST00000176662_A230072E10Rik	6	0.027315	0.447	0.37823	0.61201	0.65487	0.80799
ENSMUST00000136472_Gm15201	6	-0.030325	-0.80969	0.52753	0.72535	0.41812	0.6395
ENSMUST00000143984_Tbc1d25	6	0.14715	2.6995	0.0015365	0.030769	0.006945	0.068659
ENSMUST00000041370_Txlng	6	-0.029373	-0.62624	0.5452	0.73924	0.53116	0.72768
ENSMUST00000113610_Gm9112	6	0.073088	1.2111	0.056594	0.25698	0.22586	0.46419
ENSMUST00000149495_Ebp	6	-0.074277	-1.6085	0.11754	0.35038	0.10773	0.32443
ENSMUST00000128763_Dnase1l1	6	-0.050385	-1.7318	0.2822	0.53511	0.083302	0.29145
ENSMUST00000115752_Ccnb3	6	-0.03339	-0.65646	0.48118	0.69852	0.51153	0.7134
ENSMUST00000120192_Gm9115	6	0.01231	0.26708	0.63047	0.78567	0.78941	0.87824
ENSMUST00000119035_Hsf3	6	0.048296	1.3896	0.16082	0.40757	0.16466	0.4037
ENSMUST00000082320_Porcn	6	0.027896	0.60777	0.37055	0.60926	0.54334	0.73929
ENSMUST00000004428_Clcn5	6	-0.092005	-2.635	0.054545	0.25207	0.0084139	0.07641
ENSMUST00000037353_Eda2r	6	-0.026309	-0.94864	0.59872	0.76737	0.3428	0.57049
ENSMUST00000178293_Usp27x	6	0.039995	1.4441	0.23278	0.49268	0.14871	0.38714
ENSMUST00000121720_Nap1l2	6	0.087042	1.6782	0.033291	0.20451	0.093317	0.31013
ENSMUST00000183315_4930519F16Rik	6	-0.07476	-1.7549	0.11472	0.35038	0.079274	0.28531
ENSMUST00000182579_Gm19200	6	-0.10584	-3.2747	0.031754	0.20451	0.0010576	0.020651
ENSMUST00000128571_2010204K13Rik	6	-0.002153	-0.073327	0.92369	0.95676	0.94155	0.96565
ENSMUST00000127786_Xist	8	0.4403	4.1198	0	0	3.7918e-5	0.0014102
ENSMUST00000062642_Gm9785	6	0.15295	3.8714	0.0012804	0.027027	1.0821e-4	0.0032503
ENSMUST00000156211_Ftx	6	0.25361	3.9546	2.5608e-4	0.0083333	7.665e-5	0.0023945
ENSMUST00000126924_Ftsj1	6	-0.10312	-2.5652	0.036108	0.2087	0.010312	0.081353
ENSMUST00000148177_Cd99l2	6	-0.037466	-0.87512	0.42407	0.64717	0.38151	0.60684
ENSMUST00000033560_Ophn1	6	0.10755	2.3722	0.011012	0.13438	0.017684	0.11953
ENSMUST00000042664_Slc16a2	6	0.099746	1.5631	0.01767	0.16522	0.11802	0.33736
ENSMUST00000118700_Gm9164	6	-0.010492	-0.30308	0.91063	0.9508	0.76183	0.86474
ENSMUST00000142447_Ppp1r3f	6	-0.036857	-1.1654	0.43073	0.65447	0.24385	0.47879
ENSMUST00000118314_Nexmif	6	0.21505	3.6769	5.1216e-4	0.015385	2.3609e-4	0.0063582
ENSMUST00000033483_Ccdc22	6	-0.075751	-1.3189	0.11012	0.3464	0.18722	0.42753
ENSMUST00000033695_Abcb7	6	-0.097102	-2.12	0.045583	0.22675	0.034004	0.18969
ENSMUST00000126170_Gm36995	6	-0.049842	-1.3228	0.28707	0.53861	0.18591	0.42704
ENSMUST00000120233_Vcp-rs	6	-0.0077869	-0.11851	0.95954	0.97529	0.90566	0.94562
ENSMUST00000042070extra_Zdhhc15	6	0.015456	0.50993	0.56748	0.75169	0.6101	0.77604
ENSMUST00000033575_Magee2	6	0.027965	0.6057	0.36978	0.60926	0.54471	0.73986
ENSMUST00000154334_5530601H04Rik	6	0.051624	1.425	0.13905	0.38925	0.15416	0.38717
ENSMUST00000156494_Gm14812	6	0.012855	0.4116	0.62074	0.78068	0.68063	0.82414
ENSMUST00000026288_Ribc1	6	-0.047586	-1.0703	0.30627	0.55346	0.28448	0.51669
ENSMUST00000113792_Pja1	6	0.084881	1.7309	0.034827	0.20451	0.083474	0.29145
ENSMUST00000155445_Atrx	6	-0.10228	-3.034	0.036876	0.2087	0.0024134	0.036464
ENSMUST00000116081_Gm14853	6	0.0058669	0.15982	0.75339	0.86657	0.87302	0.92532
ENSMUST00000033567_Awat2	6	-0.046303	-1.3798	0.3178	0.56281	0.16763	0.40408
ENSMUST00000121232_Gm9430	6	2.745e-4	0.008359	0.87324	0.94047	0.99333	0.99716
ENSMUST00000139421_Magt1	6	-0.065465	-1.4382	0.16517	0.40757	0.15037	0.38717
ENSMUST00000151548_Pdzd11	6	-0.023813	-0.59723	0.64149	0.79243	0.55035	0.74364
ENSMUST00000055497_Taf9b	6	-0.052036	-1.3127	0.26658	0.5218	0.1893	0.42776
ENSMUST00000195280_Kantr	6	-0.076207	-1.8062	0.10679	0.34228	0.070884	0.27406
ENSMUST00000178165_Tspyl2	6	0.017468	0.50616	0.53239	0.72937	0.61275	0.77688
ENSMUST00000033723_Syap1	6	0.09825	1.9242	0.019206	0.16522	0.054324	0.23704
ENSMUST00000070316_Gpr173	6	0.086332	2.375	0.033547	0.20451	0.017549	0.11953
ENSMUST00000152746_Shroom2	6	-0.04082	-1.3558	0.38105	0.61317	0.17517	0.41207
ENSMUST00000149331_Fndc3c1	6	-0.14138	-3.2819	0.0076825	0.11321	0.0010312	0.02065
ENSMUST00000038769_S100g	6	0.019617	0.51066	0.4968	0.70344	0.60959	0.77604
ENSMUST00000081893_Syn1	6	-0.042881	-1.0616	0.35647	0.6026	0.28841	0.51697
ENSMUST00000051484_Mageh1	6	0.016999	0.47198	0.54187	0.736	0.63694	0.79212
ENSMUST00000121222_Gm5396	6	-0.083649	-2.9477	0.079129	0.29855	0.003201	0.043104
ENSMUST00000064780_Gabre	6	-0.047633	-1.0915	0.30602	0.55346	0.27503	0.5066
ENSMUST00000088481_Magea10	6	-0.019017	-0.63737	0.74161	0.85799	0.52388	0.72417
ENSMUST00000039424_Kctd12b	6	0.086583	1.4827	0.033547	0.20451	0.13817	0.3721
ENSMUST00000055966_Gabra3	6	0.0214	0.51598	0.4694	0.69301	0.60587	0.77544
ENSMUST00000139166_Zrsr2	6	0.042969	1.1809	0.20359	0.45429	0.23765	0.47115
ENSMUST00000033591_Itm2a	6	0.0072174	0.24523	0.72753	0.8468	0.80628	0.88442
ENSMUST00000126650_Car5b	6	-0.02816	-1.0232	0.56927	0.75169	0.30622	0.53147
ENSMUST00000134272_Siah1b	6	0.10787	2.3545	0.011012	0.13438	0.018548	0.12374
ENSMUST00000112562_Magea6	6	-0.065975	-2.2367	0.16236	0.40757	0.025305	0.14859
ENSMUST00000079867_Magea3	6	0.030592	1.0991	0.33444	0.57788	0.2717	0.50217
ENSMUST00000118505_Gm6645	6	0.039617	1.1826	0.23611	0.4928	0.23696	0.47115
ENSMUST00000070141_Magea8	6	-0.030654	-0.66753	0.52036	0.72163	0.50443	0.71112
ENSMUST00000001156_Cfp	6	-0.01065	-0.31419	0.90755	0.94886	0.75338	0.86274
ENSMUST00000069477_Magea2	6	-0.010355	-0.29077	0.9137	0.9508	0.77122	0.86642
ENSMUST00000069556_Magea5	6	0.015141	0.34757	0.57132	0.75245	0.72816	0.84753
ENSMUST00000120722_2610002M06Rik	6	-0.004424	-0.1689	0.96825	0.98031	0.86587	0.92132
ENSMUST00000113718_Tex11	6	-0.062767	-1.6092	0.18054	0.4247	0.10757	0.32443
ENSMUST00000129899_Uxt	6	-0.057268	-1.4924	0.22254	0.48144	0.13558	0.37024
ENSMUST00000150046_Sat1	6	0.055187	1.1534	0.12138	0.35774	0.24873	0.48323
ENSMUST00000009550_Elk1	6	-0.0040663	-0.071005	0.96312	0.97688	0.94339	0.96565
ENSMUST00000033713_Cetn2	6	-0.12411	-2.2515	0.016133	0.16522	0.024352	0.14743
ENSMUST00000150434_Brwd3	6	0.0087638	0.19116	0.69859	0.83298	0.8484	0.90839
ENSMUST00000144410_Slc7a3	6	-0.07844	-1.6998	0.096799	0.33447	0.089173	0.30509
ENSMUST00000144428_Gm650	6	-0.0016301	-0.04755	0.91293	0.9508	0.96207	0.9822
ENSMUST00000114540_Pnma5	6	-0.067694	-1.7588	0.15211	0.39866	0.078612	0.28444
ENSMUST00000033597_Hmgn5	6	-0.01116	-0.29098	0.89449	0.94432	0.77107	0.86642
ENSMUST00000077876_Snx12	6	-0.019779	-0.58699	0.72266	0.84484	0.55721	0.74886
ENSMUST00000117365_Gm4784	6	-0.038296	-1.1864	0.41076	0.63651	0.23548	0.47115
ENSMUST00000164685_Cybb	6	0.015351	0.43951	0.5685	0.75169	0.66029	0.81339
ENSMUST00000123915_Prdx4	6	-0.053769	-1.6231	0.2507	0.5	0.10457	0.32152
ENSMUST00000038665_Ptchd1	6	0.036073	1.1922	0.27196	0.52705	0.2332	0.47115
ENSMUST00000120749_Gm15163	6	0.043442	1.1915	0.19872	0.44855	0.23347	0.47115
ENSMUST00000135713_Phex	6	-0.065223	-1.6153	0.16645	0.40805	0.10624	0.32285
ENSMUST00000033519_Dynlt3	6	0.070555	1.3423	0.064789	0.27282	0.17949	0.41845
ENSMUST00000114524_Xlr3a	6	-0.039937	-1.12	0.39129	0.6224	0.26271	0.49321
ENSMUST00000145477_Sms	6	-0.022559	-0.76868	0.66658	0.80092	0.44208	0.65268
ENSMUST00000135038_Il2rg	6	0.098886	1.8248	0.018694	0.16522	0.068036	0.27058
ENSMUST00000132319_Rps6ka6	6	-0.6123	-7.5556	0	0	4.1706e-14	8.1431e-12
ENSMUST00000065857_Mbtps2	6	0.077833	1.7154	0.047375	0.23086	0.086268	0.29681
ENSMUST00000112248_Mospd2	6	0.038026	0.88159	0.25045	0.5	0.378	0.60495
ENSMUST00000114530_Xlr4c	6	-0.071222	-1.6154	0.13291	0.38022	0.10622	0.32285
ENSMUST00000114503_Xlr5c	6	0.09957	1.9529	0.017926	0.16522	0.050836	0.22611
ENSMUST00000113422_Hdx	6	-0.042204	-1.1504	0.36569	0.60896	0.24998	0.48325
ENSMUST00000155734_Rpgr	6	0.042778	1.4984	0.20589	0.45682	0.13402	0.36726
ENSMUST00000115333_Zfp182	6	-0.067247	-1.1837	0.15467	0.39868	0.23655	0.47115
ENSMUST00000040667_Zfp300	6	-0.086414	-1.9942	0.072215	0.282	0.046132	0.21491
ENSMUST00000118643_Gm14921	6	0.014621	0.40335	0.58284	0.76376	0.68669	0.82623
ENSMUST00000039887_Pof1b	6	-0.041297	-1.0126	0.3767	0.61201	0.31125	0.53661
ENSMUST00000125569_4930453H23Rik	6	-0.019975	-0.4915	0.71908	0.84324	0.62307	0.78487
ENSMUST00000120347_Gm14939	6	-0.03338	-0.81631	0.48169	0.69852	0.41432	0.63834
ENSMUST00000153417_Chm	6	0.041419	1.039	0.21741	0.47354	0.29881	0.52648
ENSMUST00000207943_Gm45015	6	0.047557	0.86072	0.16722	0.40805	0.38939	0.61562
ENSMUST00000180787_Gm18336	6	-0.0093413	-0.19707	0.93086	0.9591	0.84377	0.90537
ENSMUST00000033738_Trex2	6	0.046879	1.5263	0.17132	0.41169	0.12694	0.35406
ENSMUST00000155040_Zmym3	6	-0.050703	-1.4854	0.27759	0.53056	0.13743	0.37139
ENSMUST00000033737_Haus7	6	-0.079105	-1.7884	0.095006	0.33447	0.07371	0.27911
ENSMUST00000049501_Ofd1	6	0.038717	1.3812	0.24353	0.49661	0.16721	0.40408
ENSMUST00000112091_Rab9	4	-0.1437	-3.4811	0.019206	0.16522	4.9942e-4	0.012189
ENSMUST00000112187_Tceanc	6	-0.089206	-2.9851	0.063508	0.27282	0.002835	0.039538
ENSMUST00000000412_Egfl6	6	-0.10866	-3.3017	0.028681	0.2018	9.6117e-4	0.020288
ENSMUST00000112175_Tmsb4x	6	-0.03905	-0.8881	0.40154	0.62972	0.37449	0.60304
ENSMUST00000060719_Tlr7	6	0.028882	0.93585	0.35595	0.6026	0.34935	0.57858
ENSMUST00000026839_Prps2	6	-0.068623	-1.9218	0.14725	0.39116	0.054631	0.23704
ENSMUST00000112149_Frmpd4	6	-0.10587	-2.6997	0.031754	0.20451	0.0069395	0.068659
ENSMUST00000033725_Msl3	6	0.082053	2.0251	0.040717	0.21477	0.042855	0.20534
ENSMUST00000154638_Hccs	6	-0.035414	-0.92588	0.4548	0.68308	0.35451	0.58453
ENSMUST00000068894_4933400A11Rik	6	0.013184	0.36178	0.61511	0.77735	0.71752	0.84268
ENSMUST00000083176_Snord61	6	-0.013516	-0.25159	0.8525	0.92989	0.80136	0.88442
ENSMUST00000082464_Gm23628	6	-0.01591	-0.39217	0.80154	0.88656	0.69493	0.83081
ENSMUST00000157826_Gm26368	6	-0.011865	-0.39826	0.88297	0.94337	0.69044	0.82831
ENSMUST00000083065_Gm26035	6	0.019464	0.23251	0.49808	0.70344	0.81614	0.88899
ENSMUST00000103923_Mir18b	6	-0.024413	-0.30911	0.62945	0.78567	0.75724	0.86474
ENSMUST00000180483_Mdrl	6	0.032793	0.77317	0.30986	0.55423	0.43942	0.65037
ENSMUST00000180584_9530027J09Rik	6	0.081169	1.6831	0.042254	0.21699	0.092358	0.30958
ENSMUST00000181533_Fmr1os	6	0.096233	1.8698	0.022279	0.17228	0.061512	0.2544
ENSMUST00000057625_Arxes1	6	0.020141	0.62649	0.48604	0.69908	0.53099	0.72768
ENSMUST00000080324_DXBay18	6	0.097853	1.7587	0.019462	0.16522	0.078631	0.28444
ENSMUST00000101324_Dmrtc1b	6	0.082146	1.3734	0.040717	0.21477	0.16963	0.40635
ENSMUST00000088459_Gm14685	6	0.097853	1.7587	0.019462	0.16522	0.078631	0.28444
ENSMUST00000112753_Gm15127	6	0.016205	0.55459	0.55314	0.7468	0.57918	0.75503
ENSMUST00000114119_Gm5640	6	-0.041921	-1.4666	0.3685	0.60926	0.14247	0.37591
ENSMUST00000114116_Gm5936	6	-0.049939	-1.7846	0.28656	0.53861	0.074333	0.27911
ENSMUST00000114117_Gm6890	6	-0.039571	-0.84275	0.3959	0.62817	0.39937	0.62632
ENSMUST00000166554_Gprasp1	6	0.057963	1.2148	0.10781	0.34228	0.22446	0.46376
ENSMUST00000080839_Xlr3c	6	0.0073961	0.1407	0.72497	0.84507	0.88811	0.93858
ENSMUST00000114534_Xlr4a	6	-0.011936	-0.21048	0.88092	0.94247	0.8333	0.90264
ENSMUST00000179600_Xlr5a	6	0.09957	1.9529	0.017926	0.16522	0.050836	0.22611
ENSMUST00000135742_Xlr5b	6	-0.078281	-1.6624	0.097311	0.33447	0.096442	0.31423
ENSMUST00000112581_Nanog	6	-0.60227	-5.4346	0	0	5.4916e-8	6.1271e-6
ENSMUST00000211248_Zfp42	6	-0.020404	-0.63498	0.71114	0.83519	0.52544	0.72504
ENSMUST00000099151_Sox2	6	0.035752	0.97751999999999994	0.27503	0.52956	0.32831	0.55742
ENSMUST00000161976_Myc	6	-0.31352	-4.9677	0	0	6.7754e-7	4.4096e-5
ENSMUST00000132746_Klf4	6	-0.24919	-4.8586	2.5608e-4	0.0083333	1.1824000000000001e-06	7.1032e-5
ENSMUST00000116402_Esrrb	3	-0.39543	-3.7548	0	0	1.7349e-4	0.0050185
ENSMUST00000025271_Pou5f1	6	-0.63957	-8.1465	0	0	3.747e-16	1.4632e-13
ENSMUST00000047577_Prdm14	6	-0.77779	-7.2261	0	0	4.9718e-13	7.7659e-11
ENSMUST00000132679_Ctcf	6	-0.068858	-1.4249	0.14622	0.39044	0.15417	0.38717
ENSMUST00000021692_Yy1	6	0.011684	0.32079	0.64149	0.79243	0.74837	0.8585
ENSMUST00000107234_Eed	6	0.01312	0.32158	0.61665	0.77803	0.74777	0.8585
ENSMUST00000200169_Chd8	6	0.044324	1.0367	0.19155	0.43743	0.29988	0.52648
ENSMUST00000206071_Kat8	6	-0.12468	-3.0799	0.015621	0.16522	0.0020708	0.033632
ENSMUST00000037915_Msl1	6	-0.050512	-1.2588	0.28143	0.53511	0.2081	0.44408
ENSMUST00000189616_Msl2	6	0.15344	2.6848	0.0012804	0.027027	0.0072563	0.070505
ENSMUST00000185912_Kansl3	6	-0.10751	-2.1126	0.030218	0.20339	0.034638	0.19186
ENSMUST00000018556_Kansl1	6	0.036727	0.81753	0.26556	0.52111	0.41363	0.63834
ENSMUST00000041190_Mcrs1	3	0.13299	2.7491	0.029706	0.20339	0.0059763	0.063112
ENSMUST00000078886_Spen	6	-0.061551	-1.532	0.19129	0.43743	0.12553	0.35139
ENSMUST00000005003_Lbr	6	0.071472	1.9912	0.06146	0.26816	0.046462	0.21491
ENSMUST00000159117_Hnrnpu	6	-0.12314	-2.9991	0.016645	0.16522	0.0027076	0.038447
ENSMUST00000116403_Hnrnpk	6	-0.022458	-0.48698	0.66991	0.80184	0.62627	0.78637
ENSMUST00000178110_Dnmt1	6	-0.021873	-0.47591	0.68553	0.81865	0.63414	0.79212
ENSMUST00000121153_Rlim	6	0.29436	3.6625	0	0	2.498e-4	0.0065031
